10 10
0.100 0.200 0.300 0.400 0.500 0.600 0.700 0.800 0.900 1.000 
0.000 0.111 0.222 0.333 0.444 0.556 0.667 0.778 0.889 1.000 
0.000 0.000 0.125 0.250 0.375 0.500 0.625 0.750 0.875 1.000 
0.000 0.000 0.000 0.143 0.286 0.429 0.571 0.714 0.857 1.000 
0.000 0.000 0.000 0.000 0.167 0.333 0.500 0.667 0.833 1.000 
0.000 0.000 0.000 0.000 0.000 0.200 0.400 0.600 0.800 1.000 
0.000 0.000 0.000 0.000 0.000 0.000 0.250 0.500 0.750 1.000 
0.000 0.000 0.000 0.000 0.000 0.000 0.000 0.333 0.667 1.000 
0.000 0.000 0.000 0.000 0.000 0.000 0.000 0.000 0.500 1.000 
0.000 0.000 0.000 0.000 0.000 0.000 0.000 0.000 0.000 1.000 
